(1, 0, 24);(1, 0, 24);(1, 0, 24);(1, 0, 24);(1, 0, 24);(1, 0, 24);(1, 0, 24);(1, 0, 24);(1, 0, 24);(1, 0, 24);(1, 0, 24);(1, 0, 24);(1, 0, 24);(1, 0, 24);(1, 0, 24);(1, 0, 24);(1, 0, 24);(1, 0, 24);(1, 0, 24);(1, 0, 24);(1, 0, 24);(1, 0, 24);(1, 0, 24);(1, 0, 24);(1, 0, 24);(1, 0, 24);(1, 0, 24);(1, 0, 24);(1, 0, 24);(1, 0, 24);(1, 0, 24);(1, 0, 24);(1, 0, 24);(1, 0, 24);(1, 0, 24);(1, 0, 24);(1, 0, 24);(1, 0, 24);(1, 0, 24);(1, 0, 24);(1, 0, 24);(1, 0, 24);(1, 0, 24);(1, 0, 24);(1, 0, 24);(1, 0, 24);(1, 0, 24);(1, 0, 24);(1, 0, 24);(1, 0, 24);(1, 0, 24);(1, 0, 24);(1, 0, 24);(1, 0, 24);(1, 0, 24);(1, 0, 24);(1, 0, 24);(1, 0, 24);(1, 0, 24);(1, 0, 24);(1, 0, 24);(1, 0, 24);(1, 0, 24);(1, 0, 24);(1, 0, 24);(1, 0, 24);(1, 0, 24);(1, 0, 24);(1, 0, 24);(1, 0, 24);(1, 0, 24);(1, 0, 24);(1, 0, 24);(1, 0, 24);(1, 0, 24);(1, 0, 24);(1, 0, 24);(1, 0, 24);(1, 0, 24);(1, 0, 24);(1, 0, 24);(1, 0, 24);(1, 0, 24);(1, 0, 24);(1, 0, 24);(1, 0, 24);(1, 0, 24)
(1, 1, 4);(1, 1, 4);(1, 1, 4);(1, 1, 4);(1, 1, 4);(1, 1, 4);(1, 1, 4);(1, 1, 4);(1, 1, 4);(1, 1, 4);(1, 1, 4);(1, 1, 4);(1, 1, 4);(1, 1, 4);(1, 1, 4);(1, 1, 4);(1, 1, 4);(1, 1, 4);(1, 1, 4);(1, 1, 4);(1, 1, 4);(1, 1, 4);(1, 1, 4);(1, 1, 4);(1, 1, 4);(1, 1, 4);(1, 1, 4);(1, 1, 4);(1, 1, 4);(1, 1, 4);(1, 1, 4);(1, 1, 4);(1, 1, 4);(1, 1, 4);(1, 1, 4);(1, 1, 4);(1, 1, 4);(1, 1, 4);(1, 1, 4);(1, 1, 4);(1, 1, 4);(1, 1, 4);(1, 1, 4);(1, 1, 4);(1, 1, 4);(1, 1, 4);(1, 1, 4);(1, 1, 4);(1, 1, 4);(1, 1, 4);(1, 1, 4);(1, 1, 4);(1, 1, 4);(1, 1, 4);(1, 1, 4);(1, 1, 4);(1, 1, 4);(1, 1, 4);(1, 1, 4);(1, 1, 4);(1, 1, 4);(1, 1, 4);(1, 1, 4);(1, 1, 4);(1, 1, 4);(1, 1, 4);(1, 1, 4);(1, 1, 4);(1, 1, 4);(1, 1, 4);(1, 1, 4);(1, 1, 4);(1, 1, 4);(1, 1, 4);(1, 1, 4);(1, 1, 4);(1, 1, 4);(1, 1, 4);(1, 1, 4);(1, 1, 4);(1, 1, 4);(1, 1, 4);(1, 1, 4);(1, 1, 4);(1, 1, 4);(1, 1, 4);(1, 1, 4)


(1, 4, 69);(1, 4, 69);(1, 4, 69);(1, 4, 69);(1, 4, 69);(1, 4, 69);(1, 4, 69);(1, 4, 69);(1, 4, 69);(1, 4, 69);(1, 4, 69);(1, 4, 69);(1, 4, 69);(1, 4, 69);(1, 4, 69);(1, 4, 69);(1, 4, 69);(1, 4, 69);(1, 4, 69);(1, 4, 69);(1, 4, 69);(1, 4, 69);(1, 4, 69);(1, 4, 69);(1, 4, 69);(1, 4, 69);(1, 4, 69);(1, 4, 69);(1, 4, 69);(1, 4, 69);(1, 4, 69);(1, 4, 69);(1, 4, 69);(1, 4, 69);(1, 4, 69);(1, 4, 69);(1, 4, 69);(1, 4, 69);(1, 4, 69);(1, 4, 69);(1, 4, 69);(1, 4, 69);(1, 4, 69);(1, 4, 69);(1, 4, 69);(1, 4, 69);(1, 4, 69);(1, 4, 69);(1, 4, 69);(1, 4, 69);(1, 4, 69);(1, 4, 69);(1, 4, 69);(1, 4, 69);(1, 4, 69);(1, 4, 69);(1, 4, 69);(1, 4, 69);(1, 4, 69);(1, 4, 69);(1, 4, 69);(1, 4, 69);(1, 4, 69);(1, 4, 69);(1, 4, 69);(1, 4, 69);(1, 4, 69);(1, 4, 69);(1, 4, 69);(1, 4, 69);(1, 4, 69);(1, 4, 69);(1, 4, 69);(1, 4, 69);(1, 4, 69);(1, 4, 69);(1, 4, 69);(1, 4, 69);(1, 4, 69);(1, 4, 69);(1, 4, 69);(1, 4, 69);(1, 4, 69);(1, 4, 69);(1, 4, 69);(1, 4, 69);(1, 4, 69)































































































